3,2
3,1
3,3
10,161
10,107
10,77
10,123
10,117
10,199
10,137
10,2
10,3
11,19
11,16
11,27
11,7
11,9
11,5
11,2
11,3
9,7
9,2
9,3
8,12
8,11
8,6
8,9
8,13
8,2
8,3
12,2
12,1
12,3
20,2
20,1
20,3
19,2
19,1
19,3
53,5
53,4
53,3
18,1
53,2
18,3
53,1
53,0
51,3
51,2
14,1
51,1
14,3
51,0
13,1
42,3
42,2
13,3
42,1
32,3
32,2
32,1
11,17
11,15
11,14
11,13
11,11
11,1
11,4
10,301
10,281
10,255
10,207
10,169
10,129
10,115
10,1
10,79
9,1
9,5
8,17
2,2
8,14
2,1
8,1
2,3
8,5
0,472
0,386
0,273
0,270
0,243
0,0
54,34
54,33
54,32
54,31
54,30
54,29
54,28
54,27
